#pois coordinates and priorities
45.6382170 25.5844120 0
45.6459222 25.5938069 4
45.6459948 25.5921410 4
45.6461343 25.5921402 4
45.6459896 25.5932949 7
45.6458403 25.5990492 4
45.6442598 25.5915883 4
45.6468755 25.5856789 4
45.6457418 25.5872583 4
45.6345904 25.5932080 4
45.6492902 25.5920309 7
45.6341687 25.5929100 10
45.6476882 25.5962703 5
45.6453549 25.5946680 4
45.6418769 25.5880540 5
45.6423176 25.5883194 9
45.6377190 25.5863650 8
45.6450040 25.5937880 9
45.6450720 25.5934390 9
45.6410532 25.5875700 6
45.6415401 25.5890703 5
45.6411619 25.5908606 4
45.6414786 25.5875315 4
45.6407864 25.5878392 10
45.6432515 25.5913736 4
45.6404831 25.5892470 5
45.6431650 25.5903748 5
45.6409081 25.5899775 4
45.6507240 25.5872335 4
45.6426751 25.5845513 4
45.6432231 25.5874594 5
45.6438657 25.5877649 5
45.6422973 25.5889395 6
45.6398390 25.5849090 4
45.6395931 25.5851232 4
45.6444958 25.5917844 4
45.6340347 25.5929538 8
45.6425499 25.5869574 6
45.6449724 25.5939255 5
45.6395860 25.5885413 4
45.6346294 25.5934620 4
45.6452573 25.5946534 4
45.6458454 25.5977504 4
45.6453355 25.5962016 4
45.6395060 25.5858800 4
45.6394454 25.5846592 4
45.6492728 25.5918739 13
45.6369284 25.5888842 13
45.6395324 25.5860945 17
45.6457634 25.5985671 5
45.6408212 25.5892121 4
45.6392372 25.5879181 12
45.6452543 25.5987403 4
45.6412740 25.5856383 13
45.6406613 25.5858798 13
45.6425422 25.5873865 13
45.6399557 25.5929809 4
45.6445788 25.5889474 4
45.6391270 25.5835306 11
45.6509696 25.5965022 5
45.6511406 25.5997843 4
45.6356796 25.5815789 13
45.6358495 25.5812422 15
45.6460027 25.5966409 4
45.6451221 25.5914039 4
45.6430518 25.5896300 6
45.6460634 25.5914694 4
45.6428611 25.5864711 13
45.6422234 25.5976539 16
45.6396434 25.5926639 13
45.6410670 25.5883449 13
45.6378328 25.5899346 4
45.6400214 25.5890917 11
45.6458900 25.5993200 0
#time matrix
0.00 1023.49 957.35 968.94 1005.70 1289.94 793.95 879.82 786.80 721.74 1242.12 726.80 1272.38 1022.74 450.70 498.08 146.93 953.83 941.90 363.34 470.36 544.37 396.63 355.15 707.87 411.40 654.04 478.25 1279.91 450.76 549.97 618.22 522.03 167.68 147.91 821.17 737.05 473.50 958.32 323.00 735.31 1015.07 1217.90 1100.93 166.56 125.40 1235.75 341.88 178.38 1258.05 429.41 268.41 1237.53 320.94 267.98 485.14 630.61 718.55 111.10 1546.56 1699.07 325.40 327.82 1168.91 855.21 612.26 936.95 491.49 1019.75 600.78 400.33 392.26 377.71 1308.31 
1023.49 0.00 117.96 119.72 36.82 370.56 229.83 582.42 463.14 1146.27 362.85 1189.81 249.35 83.62 576.64 532.13 981.96 92.83 89.79 660.70 555.22 524.32 631.23 668.88 320.09 637.30 369.47 574.58 671.85 731.84 525.04 474.90 502.59 879.53 886.54 203.03 1203.18 592.05 96.38 740.76 1141.81 89.98 278.79 179.32 857.04 920.11 365.20 973.45 845.16 336.78 609.37 793.63 355.11 744.34 772.44 567.99 605.95 369.29 999.64 544.61 675.78 1348.66 1351.04 200.44 188.10 413.92 165.80 603.75 462.29 639.82 624.41 862.31 683.26 389.62 
957.35 117.96 0.00 14.10 81.55 488.44 179.68 465.26 346.00 1155.29 333.21 1196.69 338.31 189.93 506.65 459.47 930.85 153.55 130.83 594.88 499.87 496.85 560.83 607.97 282.56 593.51 312.10 536.45 590.59 632.69 433.55 376.78 436.91 805.26 815.32 153.61 1210.37 505.43 163.05 696.00 1152.67 192.57 396.70 294.60 791.22 847.29 331.89 944.95 780.61 454.73 562.46 745.45 472.33 662.51 697.48 484.46 613.35 267.25 923.19 589.80 749.87 1282.38 1282.60 318.00 102.45 346.40 47.97 510.79 545.09 643.10 565.78 839.67 641.14 507.44 
968.94 119.72 14.10 0.00 82.90 489.15 193.46 462.71 347.27 1169.37 319.11 1210.78 331.45 195.24 518.27 470.92 943.52 163.14 141.26 606.74 512.59 510.71 572.34 620.19 296.40 606.75 325.05 549.96 579.21 640.24 442.75 384.96 449.01 816.17 826.53 167.53 1224.45 515.21 172.37 709.13 1166.73 198.50 397.54 298.16 802.92 858.32 317.81 958.62 792.42 455.72 575.57 758.37 474.83 672.70 708.40 494.68 627.40 275.01 933.80 577.86 740.19 1293.84 1293.87 318.34 114.80 358.56 47.94 519.61 555.09 657.19 578.21 853.52 654.42 507.99 
1005.70 36.82 81.55 82.90 0.00 406.93 212.42 545.61 427.33 1152.32 345.40 1195.24 271.47 116.33 556.79 511.29 968.94 105.55 93.31 642.41 539.85 517.45 611.42 652.15 308.29 625.84 352.30 564.64 642.27 702.91 498.27 445.89 483.79 858.95 866.96 184.92 1208.72 567.00 112.07 729.30 1148.42 121.23 315.20 215.79 839.15 900.05 346.74 967.56 827.66 373.28 596.84 781.21 391.93 721.13 751.48 543.86 610.35 338.72 978.49 552.08 693.84 1331.09 1332.77 236.46 159.84 394.05 129.22 576.69 489.73 643.06 608.27 858.06 672.47 425.90 
1289.94 370.56 488.44 489.15 406.93 0.00 550.93 950.63 833.31 1209.83 606.29 1257.09 271.03 313.48 874.25 837.73 1215.55 381.29 404.00 944.62 828.43 747.36 925.72 942.67 602.26 879.29 670.02 812.16 969.99 1073.37 860.72 822.06 799.20 1169.04 1169.37 531.08 1268.76 916.99 372.56 975.29 1200.09 316.19 91.79 207.60 1129.69 1205.04 614.41 1152.25 1115.71 34.94 860.66 1031.68 63.13 1054.20 1067.85 889.08 733.33 725.18 1289.72 548.85 538.30 1606.07 1613.63 170.98 545.15 722.88 536.13 938.53 378.68 772.04 897.27 1034.48 917.18 19.79 
793.95 229.83 179.68 193.46 212.42 550.93 0.00 494.28 340.70 984.12 509.47 1024.34 479.15 244.18 347.00 303.18 757.26 172.70 154.42 430.95 327.49 317.35 401.55 439.87 103.05 416.09 140.01 357.42 722.28 522.48 310.04 273.12 272.76 650.03 656.74 27.59 1038.11 370.11 180.19 519.22 982.47 238.93 464.04 343.68 627.44 690.40 507.14 765.35 615.73 516.08 386.04 570.13 515.33 517.61 543.22 343.98 446.08 189.40 770.40 761.99 905.12 1119.25 1121.37 398.17 88.13 184.57 182.51 388.30 475.53 472.81 395.86 660.11 463.36 570.71 
879.82 582.42 465.26 462.71 545.61 950.63 494.28 0.00 159.97 1351.06 510.94 1382.42 752.95 653.58 532.44 497.10 926.87 603.48 577.90 603.54 590.19 683.87 561.04 634.18 544.21 693.64 500.81 675.40 404.24 432.02 390.06 338.08 516.99 713.37 737.20 494.00 1396.15 446.50 613.71 764.13 1354.62 654.97 859.40 759.74 745.09 754.53 500.37 1030.72 742.87 917.69 660.98 788.17 937.46 566.25 628.33 454.35 869.25 327.50 797.85 869.62 1086.00 1168.25 1157.84 779.67 441.70 476.83 417.35 409.64 968.15 882.13 616.65 962.30 733.64 969.12 
786.80 463.14 346.00 347.27 427.33 833.31 340.70 159.97 0.00 1203.13 492.35 1236.19 666.56 525.09 394.71 354.17 813.45 467.44 442.00 474.46 443.62 528.34 431.38 502.60 384.65 549.85 341.11 525.05 503.64 364.28 255.00 193.00 367.90 619.36 639.60 343.76 1250.01 323.36 477.54 628.84 1205.85 524.89 741.54 633.35 637.84 662.45 483.51 898.29 633.06 799.18 516.22 659.17 812.92 465.92 522.73 323.56 711.10 167.54 718.70 840.22 1039.87 1093.48 1086.62 663.58 299.59 319.43 299.36 296.47 816.23 725.24 478.76 821.56 592.60 852.52 
721.74 1146.27 1155.29 1169.37 1152.32 1209.83 984.12 1351.06 1203.13 0.00 1488.28 47.55 1341.58 1093.03 821.72 854.12 577.89 1053.47 1059.67 765.24 760.96 684.69 803.62 732.31 885.07 658.18 889.60 678.22 1684.66 1020.90 962.60 1013.46 835.44 790.92 763.07 1006.34 58.98 917.90 1050.70 603.16 18.38 1083.11 1182.16 1106.60 717.75 778.43 1487.18 386.34 708.77 1191.25 690.27 600.37 1146.69 861.80 803.04 903.01 542.59 1053.64 823.50 1672.00 1736.35 829.31 855.29 1178.87 1072.22 891.93 1166.25 962.14 833.13 512.23 739.44 401.19 621.32 1221.19 
1242.12 362.85 333.21 319.11 345.40 606.29 509.47 510.94 492.35 1488.28 0.00 1529.84 340.55 439.29 800.35 752.05 1236.33 450.72 437.86 890.33 810.89 825.81 851.26 909.23 612.19 911.76 630.14 859.65 368.68 852.37 693.18 625.75 739.88 1079.85 1095.07 484.96 1543.50 769.93 456.54 1011.49 1485.45 447.82 533.49 496.67 1080.36 1123.29 11.23 1269.24 1071.89 583.47 878.97 1056.96 625.50 927.75 974.58 756.98 945.98 523.74 1190.10 358.68 578.93 1561.59 1557.99 465.36 423.67 653.04 328.59 759.43 817.43 976.19 871.11 1167.62 959.70 619.24 
726.80 1189.81 1196.69 1210.78 1195.24 1257.09 1024.34 1382.42 1236.19 47.55 1529.84 0.00 1387.12 1137.58 851.43 885.34 585.50 1097.06 1102.81 791.69 793.03 721.60 830.98 758.92 924.55 688.81 926.89 712.09 1720.93 1043.27 993.04 1045.51 868.29 805.20 776.90 1046.96 13.89 945.93 1094.46 628.67 60.75 1127.66 1228.93 1152.54 733.47 790.32 1528.57 398.49 725.27 1238.38 721.48 622.09 1193.96 883.19 823.19 932.14 585.00 1088.95 831.09 1717.21 1783.08 815.34 842.03 1224.98 1112.34 927.40 1206.69 989.54 880.56 553.69 768.36 425.93 650.27 1268.52 
1272.38 249.35 338.31 331.45 271.47 271.03 479.15 752.95 666.56 1341.58 340.55 1387.12 0.00 261.64 825.98 781.31 1227.03 323.10 331.62 909.89 803.21 762.49 880.57 917.48 566.47 881.38 618.58 817.01 708.49 970.91 769.04 714.55 751.90 1128.82 1135.88 452.37 1399.94 838.41 320.66 984.45 1334.90 271.00 213.63 237.87 1106.03 1169.45 349.54 1206.44 1094.01 253.38 854.79 1038.36 301.66 992.46 1021.65 815.32 815.49 605.47 1248.83 332.11 428.31 1597.38 1600.06 172.38 430.76 663.23 376.93 847.15 561.00 852.22 872.74 1092.24 926.29 281.94 
1022.74 83.62 189.93 195.24 116.33 313.48 244.18 653.58 525.09 1093.03 439.29 1137.58 261.64 0.00 584.88 543.66 969.61 71.59 91.44 663.87 552.45 502.05 638.68 667.97 315.30 623.94 375.58 558.52 755.37 764.55 553.14 510.54 509.34 886.89 891.21 221.52 1150.71 614.27 65.18 726.33 1087.55 9.92 223.40 108.40 857.50 925.85 442.53 944.81 844.72 278.62 598.92 781.02 287.97 759.88 781.57 587.91 558.66 411.81 1007.92 582.18 687.58 1346.22 1350.41 154.04 231.87 425.40 237.12 631.76 380.43 594.48 622.55 830.72 667.82 333.17 
450.70 576.64 506.65 518.27 556.79 874.25 347.00 532.44 394.71 821.72 800.35 851.43 825.98 584.88 0.00 48.34 436.93 513.94 499.15 90.02 79.49 211.11 54.63 111.28 272.67 164.20 209.42 167.54 896.20 260.36 142.42 202.08 75.65 303.06 310.16 373.61 865.08 103.12 519.71 234.13 826.34 578.17 794.05 673.64 284.69 343.48 794.86 503.66 274.50 840.45 134.49 267.01 828.80 181.28 196.75 82.15 398.70 280.33 423.65 1096.02 1250.63 775.81 776.54 736.35 404.55 162.82 487.19 149.71 679.36 396.39 84.41 429.87 201.40 893.57 
498.08 532.13 459.47 470.92 511.29 837.73 303.18 497.10 354.17 854.12 752.05 885.34 781.31 543.66 48.34 0.00 484.94 472.34 456.54 138.35 94.83 214.25 101.46 158.46 235.59 196.69 168.64 184.48 853.23 268.74 109.87 161.32 43.87 347.67 356.20 329.31 899.08 99.08 478.52 276.57 857.97 537.29 755.91 635.11 332.42 388.86 746.60 546.24 322.48 803.63 163.90 312.67 794.04 216.87 240.33 69.73 406.87 232.85 467.52 1048.48 1204.94 822.92 823.22 696.14 357.61 118.69 439.24 141.71 659.76 409.09 126.43 467.51 238.45 857.20 
146.93 981.96 930.85 943.52 968.94 1215.55 757.26 926.87 813.45 577.89 1236.33 585.50 1227.03 969.61 436.93 484.94 0.00 904.17 895.78 347.64 430.99 471.25 388.88 327.11 661.87 345.78 619.18 411.23 1316.06 517.13 561.74 629.17 497.29 237.73 208.79 784.84 596.31 490.13 907.26 243.47 590.90 961.15 1149.90 1037.34 183.86 212.11 1231.11 195.17 184.30 1185.30 372.60 188.69 1159.81 363.01 299.39 492.88 519.39 717.05 245.74 1519.00 1655.32 396.15 408.43 1108.43 828.76 586.38 917.41 519.85 918.64 485.84 366.22 252.56 302.17 1233.09 
953.83 92.83 153.55 163.14 105.55 381.29 172.70 603.48 467.44 1053.47 450.72 1097.06 323.10 71.59 513.94 472.34 904.17 0.00 25.60 593.81 483.50 440.05 567.89 598.76 245.96 558.43 304.54 493.91 740.86 693.92 482.12 440.93 438.49 816.31 821.08 150.63 1110.41 542.74 10.23 661.40 1048.98 66.30 292.65 173.83 788.19 855.55 452.22 886.86 775.60 346.35 532.32 715.48 350.89 688.40 710.68 516.33 513.50 344.77 937.26 632.81 751.23 1277.89 1281.62 225.48 168.91 353.97 195.75 560.63 391.98 547.68 553.50 774.38 603.20 401.07 
941.90 89.79 130.83 141.26 93.31 404.00 154.42 577.90 442.00 1059.67 437.86 1102.81 331.62 91.44 499.15 456.54 895.78 25.60 0.00 580.58 472.01 435.24 553.40 586.77 234.89 550.41 289.92 486.84 720.23 673.22 462.07 419.12 424.01 802.02 807.55 130.63 1116.25 524.23 35.82 653.72 1055.61 87.84 314.55 197.04 775.86 841.73 438.81 883.91 763.54 369.08 523.33 707.19 375.09 671.81 695.84 498.35 518.20 321.31 922.78 634.25 759.85 1266.51 1269.72 245.06 143.91 337.88 171.51 540.77 414.30 551.49 541.77 772.56 595.87 423.75 
363.34 660.70 594.88 606.74 642.41 944.62 430.95 603.54 474.46 765.24 890.33 791.69 909.89 663.87 90.02 138.35 347.64 593.81 580.58 0.00 116.90 232.82 43.09 33.01 348.77 131.79 291.31 170.78 977.87 269.06 219.49 284.64 158.69 224.58 227.35 458.05 805.08 157.37 598.91 163.43 771.42 656.66 867.35 748.00 196.80 262.18 884.80 427.18 185.77 911.44 118.40 185.21 896.40 138.34 125.85 151.08 398.18 369.45 345.57 1184.60 1335.98 688.74 690.45 813.19 492.53 249.02 576.58 198.57 722.42 387.20 54.78 365.93 149.82 963.64 
470.36 555.22 499.87 512.59 539.85 828.43 327.49 590.19 443.62 760.96 810.89 793.03 803.21 552.45 79.49 94.83 430.99 483.50 472.01 116.90 0.00 132.18 108.93 115.65 237.54 107.58 188.36 90.51 937.40 339.36 204.71 252.54 77.10 340.68 341.40 355.05 806.82 180.88 487.97 201.04 764.43 544.86 752.14 633.40 305.16 376.86 806.38 466.37 292.27 795.43 73.36 246.62 779.74 244.04 242.36 156.28 319.44 307.29 461.30 1088.30 1230.89 794.54 798.13 699.82 397.88 157.85 487.66 227.10 610.55 318.22 70.11 379.71 153.53 847.38 
544.37 524.32 496.85 510.71 517.45 747.36 317.35 683.87 528.34 684.69 825.81 721.60 762.49 502.05 211.11 214.25 471.25 440.05 435.24 232.82 132.18 0.00 237.45 216.88 214.32 133.09 205.38 67.48 1000.01 471.41 318.11 350.10 177.78 441.38 435.40 343.28 735.50 309.49 441.91 228.57 685.47 493.19 679.14 566.10 389.78 471.38 823.02 450.17 374.96 716.23 121.49 284.78 693.72 369.26 355.64 282.41 193.19 370.92 557.40 1068.58 1189.61 858.76 866.32 637.44 402.15 209.91 497.34 354.60 491.95 199.52 178.06 342.83 170.07 765.40 
396.63 631.23 560.83 572.34 611.42 925.72 401.55 561.04 431.38 803.62 851.26 830.98 880.57 638.68 54.63 101.46 388.88 567.89 553.40 43.09 108.93 237.45 0.00 73.27 325.34 157.56 263.51 182.24 934.82 242.88 176.42 241.87 129.43 248.64 255.54 428.21 844.45 115.64 573.52 204.19 809.36 631.85 846.41 726.26 231.06 288.88 845.54 469.79 221.40 892.10 136.10 228.21 879.30 135.39 143.01 108.01 414.76 328.98 369.42 1149.93 1305.25 721.54 722.07 789.68 458.85 217.45 540.59 158.58 719.34 407.42 70.96 405.80 184.01 944.95 
355.15 668.88 607.97 620.19 652.15 942.67 439.87 634.18 502.60 732.31 909.23 758.92 917.48 667.97 111.28 158.46 327.11 598.76 586.77 33.01 115.65 216.88 73.27 0.00 352.83 104.11 299.88 151.62 1005.47 300.74 247.78 311.32 171.39 228.17 226.71 467.27 772.33 188.85 603.38 131.10 738.45 660.43 867.27 748.82 189.54 262.46 904.00 396.92 176.84 909.90 97.09 156.70 893.03 163.17 139.06 180.35 372.97 391.28 347.66 1197.67 1344.65 679.90 682.98 815.46 505.52 261.65 591.92 230.94 708.69 360.03 45.63 333.28 117.54 961.50 
707.87 320.09 282.56 296.40 308.29 602.26 103.05 544.21 384.65 885.07 612.19 924.55 566.47 315.30 272.67 235.59 661.87 245.96 234.89 348.77 237.54 214.32 325.34 352.83 0.00 317.65 71.13 256.61 810.05 485.65 276.64 262.48 197.22 572.48 576.11 129.09 938.36 320.06 250.57 421.14 883.99 307.95 521.38 401.00 542.31 610.91 609.69 662.95 529.66 568.25 289.29 473.61 558.59 451.95 468.30 290.76 352.00 217.72 693.60 860.26 994.60 1032.02 1035.66 464.66 189.10 124.87 284.32 348.71 455.85 375.96 307.54 557.12 364.18 621.69 
411.40 637.30 593.51 606.75 625.84 879.29 416.09 693.64 549.85 658.18 911.76 688.81 881.38 623.94 164.20 196.69 345.78 558.43 550.41 131.79 107.58 133.09 157.56 104.11 317.65 0.00 282.58 67.17 1044.95 399.04 304.43 357.62 184.67 313.43 305.02 443.50 702.53 264.26 561.48 103.50 662.49 615.55 809.30 694.39 257.65 340.79 907.70 360.25 242.65 847.79 34.26 157.10 826.28 267.28 238.66 246.20 269.23 414.56 426.64 1177.52 1309.63 727.67 734.49 764.44 493.09 261.07 585.55 310.28 619.65 255.98 86.89 272.28 47.95 897.50 
654.04 369.47 312.10 325.05 352.30 670.02 140.01 500.81 341.11 889.60 630.14 926.89 618.58 375.58 209.42 168.64 619.18 304.54 289.92 291.31 188.36 205.38 263.51 299.88 71.13 282.58 0.00 229.86 795.70 414.53 206.12 197.58 134.10 512.11 517.81 167.39 940.78 249.39 310.40 384.29 889.99 369.00 587.46 466.59 487.57 551.86 626.43 639.18 475.77 635.75 250.77 433.35 627.79 385.48 406.17 220.37 373.06 174.93 632.93 899.95 1045.05 979.29 981.57 527.62 210.78 53.87 303.03 277.59 523.16 391.02 256.04 539.91 330.46 689.57 
478.25 574.58 536.45 549.96 564.64 812.16 357.42 675.40 525.05 678.22 859.65 712.09 817.01 558.52 167.54 184.48 411.23 493.91 486.84 170.78 90.51 67.48 182.24 151.62 256.61 67.17 229.86 0.00 1011.02 423.05 294.00 337.40 158.44 374.17 367.93 384.49 725.95 270.37 496.63 167.82 680.80 549.99 742.20 627.53 322.42 403.91 856.11 409.65 307.66 780.63 54.81 222.96 759.30 308.90 290.68 246.61 233.08 378.13 489.93 1116.71 1245.07 794.79 801.66 697.84 437.74 218.09 531.69 316.84 558.58 228.89 116.50 310.89 109.34 830.39 
1279.91 671.85 590.59 579.21 642.27 969.99 722.28 404.24 503.64 1684.66 368.68 1720.93 708.49 755.37 896.20 853.23 1316.06 740.86 720.23 977.87 937.40 1000.01 934.82 1005.47 810.05 1044.95 795.70 1011.02 0.00 835.42 758.41 694.30 860.31 1112.52 1135.02 706.97 1734.82 826.52 749.44 1129.69 1685.44 761.78 891.92 835.66 1138.02 1154.54 359.23 1399.42 1134.18 944.93 1010.76 1162.16 983.31 961.90 1021.69 827.14 1161.84 632.89 1201.15 655.42 887.87 1572.41 1562.09 818.35 638.37 793.83 558.17 796.65 1131.65 1184.02 979.34 1317.03 1089.83 984.00 
450.76 731.84 632.69 640.24 702.91 1073.37 522.48 432.02 364.28 1020.90 852.37 1043.27 970.91 764.55 260.36 268.74 517.13 693.92 673.22 269.06 339.36 471.41 242.88 300.74 485.65 399.04 414.53 423.05 835.42 0.00 212.86 257.03 312.47 287.80 314.16 543.30 1056.20 170.52 702.01 420.75 1028.64 760.15 986.31 866.15 333.83 326.57 844.15 656.69 335.89 1038.54 378.97 421.18 1036.09 161.13 224.18 200.82 656.12 365.45 365.85 1190.07 1375.17 737.69 728.54 918.21 543.79 360.94 596.94 136.97 927.12 650.12 313.54 619.97 418.25 1093.14 
549.97 525.04 433.55 442.75 498.27 860.72 310.04 390.06 255.00 962.60 693.18 993.04 769.04 553.14 142.42 109.87 561.74 482.12 462.07 219.49 204.71 318.11 176.42 247.78 276.64 304.43 206.12 294.00 758.41 212.86 0.00 68.45 140.36 386.67 402.38 331.62 1006.73 76.74 489.98 375.53 966.77 548.41 774.07 653.68 391.98 430.11 686.51 644.23 385.35 825.92 272.57 404.22 823.24 235.34 282.00 69.02 511.24 172.74 498.55 1010.72 1182.85 868.45 865.25 707.09 338.46 154.37 403.41 78.85 727.52 515.98 226.76 572.28 343.60 880.48 
618.22 474.90 376.78 384.96 445.89 822.06 273.12 338.08 193.00 1013.46 625.75 1045.51 714.55 510.54 202.08 161.32 629.17 440.93 419.12 284.64 252.54 350.10 241.87 311.32 262.48 357.62 197.58 337.40 694.30 257.03 68.45 0.00 178.96 454.34 470.53 291.11 1059.29 144.73 449.52 436.08 1016.79 506.73 733.50 614.46 460.40 497.83 618.92 705.71 453.67 787.12 324.31 468.00 788.23 302.04 350.25 136.43 540.47 110.36 564.82 947.05 1123.49 935.89 932.28 663.42 286.82 155.38 343.35 136.65 718.32 549.59 285.86 628.83 399.76 841.84 
522.03 502.59 436.91 449.01 483.79 799.20 272.76 516.99 367.90 835.44 739.88 868.29 751.90 509.34 75.65 43.87 497.29 438.49 424.01 158.69 77.10 177.78 129.43 171.39 197.22 184.67 134.10 158.44 860.31 312.47 140.36 178.96 0.00 378.01 384.02 299.69 882.11 142.39 444.17 275.52 838.44 502.58 718.59 598.10 355.49 417.88 734.98 542.74 344.31 765.31 150.45 317.64 754.38 255.22 272.23 112.51 370.96 230.63 498.84 1026.71 1177.48 847.43 848.99 660.70 334.47 90.54 420.59 183.52 615.92 375.84 131.27 456.75 230.32 818.57 
167.68 879.53 805.26 816.17 858.95 1169.04 650.03 713.37 619.36 790.92 1079.85 805.20 1128.82 886.89 303.06 347.67 237.73 816.31 802.02 224.58 340.68 441.38 248.64 228.17 572.48 313.43 512.11 374.17 1112.52 287.80 386.67 454.34 378.01 0.00 29.10 676.54 817.05 309.92 821.78 257.99 801.73 879.91 1091.91 972.45 76.44 43.53 1073.16 406.82 89.34 1135.94 319.92 221.20 1120.34 153.94 107.78 324.54 570.61 557.69 121.13 1391.83 1552.49 481.85 479.38 1037.14 704.20 465.62 781.57 324.83 932.43 548.44 272.72 409.02 296.19 1188.02 
147.91 886.54 815.32 826.53 866.96 1169.37 656.74 737.20 639.60 763.07 1095.07 776.90 1135.88 891.21 310.16 356.20 208.79 821.08 807.55 227.35 341.40 435.40 255.54 226.71 576.11 305.02 517.81 367.93 1135.02 314.16 402.38 470.53 384.02 29.10 0.00 683.55 788.69 325.79 826.24 241.58 774.04 884.01 1093.54 974.66 54.21 36.03 1088.59 378.44 68.92 1136.56 314.52 200.78 1119.65 173.77 120.49 338.32 556.56 571.88 122.03 1403.27 1560.78 468.24 467.39 1040.38 713.72 472.96 793.06 343.81 924.66 532.97 272.11 383.80 283.80 1188.20 
821.17 203.03 153.61 167.53 184.92 531.08 27.59 494.00 343.76 1006.34 484.96 1046.96 452.37 221.52 373.61 329.31 784.84 150.63 130.63 458.05 355.05 343.28 428.21 467.27 129.09 443.50 167.39 384.49 706.97 543.30 331.62 291.11 299.69 676.54 683.55 0.00 1060.70 393.78 158.80 546.68 1004.38 216.87 443.14 323.50 654.64 717.09 482.93 791.95 642.99 496.16 413.55 597.68 497.51 542.90 569.55 368.24 466.67 200.66 796.75 734.44 877.93 1146.50 1148.50 375.49 68.78 210.92 160.02 410.25 474.16 494.44 423.35 686.11 490.71 550.87 
737.05 1203.18 1210.37 1224.45 1208.72 1268.76 1038.11 1396.15 1250.01 58.98 1543.50 13.89 1399.94 1150.71 865.08 899.08 596.31 1110.41 1116.25 805.08 806.82 735.50 844.45 772.33 938.36 702.53 940.78 725.95 1734.82 1056.20 1006.73 1059.29 882.11 817.05 788.69 1060.70 0.00 959.45 1107.78 642.00 70.03 1140.79 1241.10 1165.19 745.56 801.78 1542.25 410.25 737.49 1250.23 735.23 635.03 1205.63 896.03 835.88 945.74 598.53 1102.83 841.77 1730.15 1795.29 821.02 847.89 1237.55 1126.12 941.29 1220.45 1003.00 891.94 567.33 781.95 439.25 663.89 1280.09 
473.50 592.05 505.43 515.21 567.00 916.99 370.11 446.50 323.36 917.90 769.93 945.93 838.41 614.27 103.12 99.08 490.13 542.74 524.23 157.37 180.88 309.49 115.64 188.85 320.06 264.26 249.39 270.37 826.52 170.52 76.74 144.73 142.39 309.92 325.79 393.78 959.45 0.00 549.97 319.84 923.25 608.86 832.32 711.40 316.98 353.36 763.25 584.35 311.07 882.43 236.49 341.68 876.43 159.15 205.54 30.34 500.00 248.68 422.35 1085.98 1255.29 791.72 788.62 768.21 407.86 195.57 477.30 46.59 756.67 498.98 179.12 521.20 296.79 936.64 
958.32 96.38 163.05 172.37 112.07 372.56 180.19 613.71 477.54 1050.70 456.54 1094.46 320.66 65.18 519.71 478.52 907.26 10.23 35.82 598.91 487.97 441.91 573.52 603.38 250.57 561.48 310.40 496.63 749.44 702.01 489.98 449.52 444.17 821.78 826.24 158.80 1107.78 549.97 0.00 664.28 1046.05 58.95 284.34 164.99 792.88 860.82 458.25 887.77 780.19 337.62 535.77 718.58 341.45 694.83 716.40 523.36 511.50 354.04 942.79 632.99 748.45 1282.13 1286.07 218.34 178.84 360.34 205.64 568.40 382.94 546.02 558.03 774.87 605.96 392.35 
323.00 740.76 696.00 709.13 729.30 975.29 519.22 764.13 628.84 603.16 1011.49 628.67 984.45 726.33 234.13 276.57 243.47 661.40 653.72 163.43 201.04 228.57 204.19 131.10 421.14 103.50 384.29 167.82 1129.69 420.75 375.53 436.08 275.52 257.99 241.58 546.68 642.00 319.84 664.28 0.00 609.92 717.81 907.71 794.28 188.27 274.74 1007.12 269.74 173.01 944.45 133.56 56.42 920.79 266.85 217.25 309.78 315.99 505.52 357.17 1280.89 1412.63 630.94 639.38 865.10 595.06 358.69 686.70 361.96 697.03 291.43 150.35 202.75 58.74 993.16 
735.31 1141.81 1152.67 1166.73 1148.42 1200.09 982.47 1354.62 1205.85 18.38 1485.45 60.75 1334.90 1087.55 826.34 857.97 590.90 1048.98 1055.61 771.42 764.43 685.47 809.36 738.45 883.99 662.49 889.99 680.80 1685.44 1028.64 966.77 1016.79 838.44 801.73 774.04 1004.38 70.03 923.25 1046.05 609.92 0.00 1077.63 1173.60 1099.43 728.14 790.01 1484.49 398.38 718.89 1181.91 694.25 608.69 1136.97 870.01 811.77 907.85 539.48 1055.15 836.32 1665.68 1727.82 846.60 872.48 1171.44 1070.59 893.43 1164.37 967.75 822.84 509.97 744.50 408.68 626.50 1211.25 
1015.07 89.98 192.57 198.50 121.23 316.19 238.93 654.97 524.89 1083.11 447.82 1127.66 271.00 9.92 578.17 537.29 961.15 66.30 87.84 656.66 544.86 493.19 631.85 660.43 307.95 615.55 369.00 549.99 761.78 760.15 548.41 506.73 502.58 879.91 884.01 216.87 1140.79 608.86 58.95 717.81 1077.63 0.00 226.79 109.70 849.97 918.72 450.93 935.47 837.13 281.27 590.74 772.60 288.82 753.69 774.80 582.30 548.80 409.03 1000.98 592.03 696.53 1338.36 1342.68 159.39 230.05 419.21 239.31 626.93 372.85 584.65 614.97 821.28 659.27 335.93 
1217.90 278.79 396.70 397.54 315.20 91.79 464.04 859.40 741.54 1182.16 533.49 1228.93 213.63 223.40 794.05 755.91 1149.90 292.65 314.55 867.35 752.14 679.14 846.41 867.27 521.38 809.30 587.46 742.20 891.92 986.31 774.07 733.50 718.59 1091.91 1093.54 443.14 1241.10 832.32 284.34 907.71 1173.60 226.79 0.00 120.98 1055.67 1128.95 540.82 1097.79 1042.03 58.31 788.71 963.88 92.00 972.76 989.15 804.95 684.17 635.14 1212.92 525.43 554.22 1536.97 1543.45 80.00 454.43 639.59 444.42 852.29 366.20 722.69 821.68 980.39 849.16 111.01 
1100.93 179.32 294.60 298.16 215.79 207.60 343.68 759.74 633.35 1106.60 496.67 1152.54 237.87 108.40 673.64 635.11 1037.34 173.83 197.04 748.00 633.40 566.10 726.26 748.82 401.00 694.39 466.59 627.53 835.66 866.15 653.68 614.46 598.10 972.45 974.66 323.50 1165.19 711.40 164.99 794.28 1099.43 109.70 120.98 0.00 937.75 1009.92 501.93 994.83 924.31 172.67 672.49 850.14 179.59 851.98 869.13 683.98 589.54 518.33 1093.53 569.92 639.09 1421.54 1427.34 74.25 339.74 518.64 342.42 731.75 330.91 627.37 703.20 878.28 735.57 227.39 
166.56 857.04 791.22 802.92 839.15 1129.69 627.44 745.09 637.84 717.75 1080.36 733.47 1106.03 857.50 284.69 332.42 183.86 788.19 775.86 196.80 305.16 389.78 231.06 189.54 542.31 257.65 487.57 322.42 1138.02 333.83 391.98 460.40 355.49 76.44 54.21 654.64 745.56 316.98 792.88 188.27 728.14 849.97 1055.67 937.75 0.00 86.50 1074.32 336.12 15.40 1097.29 270.43 146.59 1078.75 179.53 116.78 324.87 503.92 556.73 170.41 1380.71 1532.56 491.95 494.03 1004.82 688.98 445.77 771.64 341.72 876.29 479.67 235.05 332.76 232.89 1148.33 
125.40 920.11 847.29 858.32 900.05 1205.04 690.40 754.53 662.45 778.43 1123.29 790.32 1169.45 925.85 343.48 388.86 212.11 855.55 841.73 262.18 376.86 471.38 288.88 262.46 610.91 340.79 551.86 403.91 1154.54 326.57 430.11 497.83 417.88 43.53 36.03 717.09 801.78 353.36 860.82 274.74 790.01 918.72 1128.95 1009.92 86.50 0.00 1116.61 392.31 101.82 1172.18 350.54 231.29 1155.48 197.37 150.16 367.63 590.40 600.93 86.02 1434.41 1593.79 438.53 436.41 1075.37 745.98 506.28 824.13 368.26 960.37 566.10 307.77 406.93 318.63 1223.90 
1235.75 365.20 331.89 317.81 346.74 614.41 507.14 500.37 483.51 1487.18 11.23 1528.57 349.54 442.53 794.86 746.60 1231.11 452.22 438.81 884.80 806.38 823.02 845.54 904.00 609.69 907.70 626.43 856.11 359.23 844.15 686.51 618.92 734.98 1073.16 1088.59 482.93 1542.25 763.25 458.25 1007.12 1484.49 450.93 540.82 501.93 1074.32 1116.61 0.00 1265.61 1065.97 591.24 874.80 1052.27 632.81 920.85 968.10 750.64 945.07 517.60 1183.01 369.30 590.00 1554.82 1551.05 471.96 420.89 648.54 325.68 752.23 821.36 975.00 866.17 1164.52 955.64 627.54 
341.88 973.45 944.95 958.62 967.56 1152.25 765.35 1030.72 898.29 386.34 1269.24 398.49 1206.44 944.81 503.66 546.24 195.17 886.86 883.91 427.18 466.37 450.17 469.79 396.92 662.95 360.25 639.18 409.65 1399.42 656.69 644.23 705.71 542.74 406.82 378.44 791.95 410.25 584.35 887.77 269.74 398.38 935.47 1097.79 994.83 336.12 392.31 1265.61 0.00 328.88 1125.14 394.19 243.18 1092.50 495.57 432.98 577.27 421.29 773.36 438.83 1518.05 1630.15 531.54 551.04 1068.62 847.20 621.23 941.32 623.50 818.94 383.00 420.09 117.77 313.00 1168.17 
178.38 845.16 780.61 792.42 827.66 1115.71 615.73 742.87 633.06 708.77 1071.89 725.27 1094.01 844.72 274.50 322.48 184.30 775.60 763.54 185.77 292.27 374.96 221.40 176.84 529.66 242.65 475.77 307.66 1134.18 335.89 385.35 453.67 344.31 89.34 68.92 642.99 737.49 311.07 780.19 173.01 718.89 837.13 1042.03 924.31 15.40 101.82 1065.97 328.88 0.00 1083.39 255.97 132.29 1064.56 178.98 115.12 317.66 488.58 548.53 185.79 1370.27 1520.82 503.53 506.18 991.63 678.28 434.74 761.67 337.54 861.06 464.44 222.17 321.22 217.52 1134.30 
1258.05 336.78 454.73 455.72 373.28 34.94 516.08 917.69 799.18 1191.25 583.47 1238.38 253.38 278.62 840.45 803.63 1185.30 346.35 369.08 911.44 795.43 716.23 892.10 909.90 568.25 847.79 635.75 780.63 944.93 1038.54 825.92 787.12 765.31 1135.94 1136.56 496.16 1250.23 882.43 337.62 944.45 1181.91 281.27 58.31 172.67 1097.29 1172.18 591.24 1125.14 1083.39 0.00 828.67 1000.80 52.90 1020.20 1034.39 854.60 707.48 690.28 1256.71 546.13 550.32 1574.98 1582.27 138.25 510.35 688.51 502.50 903.78 363.61 746.18 864.45 1007.42 886.20 54.72 
429.41 609.37 562.46 575.57 596.84 860.66 386.04 660.98 516.22 690.27 878.97 721.48 854.79 598.92 134.49 163.90 372.60 532.32 523.33 118.40 73.36 121.49 136.10 97.09 289.29 34.26 250.77 54.81 1010.76 378.97 272.57 324.31 150.45 319.92 314.52 413.55 735.23 236.49 535.77 133.56 694.25 590.74 788.71 672.49 270.43 350.54 874.80 394.19 255.97 828.67 0.00 184.39 808.86 256.69 236.06 216.59 280.36 380.30 436.54 1147.96 1283.10 749.12 754.90 741.61 461.53 227.41 553.41 282.93 613.22 271.46 66.13 306.37 81.30 879.11 
268.41 793.63 745.45 758.37 781.21 1031.68 570.13 788.17 659.17 600.37 1056.96 622.09 1038.36 781.02 267.01 312.67 188.69 715.48 707.19 185.21 246.62 284.78 228.21 156.70 473.61 157.10 433.35 222.96 1162.16 421.18 404.22 468.00 317.64 221.20 200.78 597.68 635.03 341.68 718.58 56.42 608.69 772.60 963.88 850.14 146.59 231.29 1052.27 243.18 132.29 1000.80 184.39 0.00 977.21 261.44 203.65 336.19 365.11 544.84 310.30 1332.12 1466.65 574.52 583.02 920.73 643.87 404.13 734.25 380.33 751.38 337.92 187.41 201.17 114.73 1049.56 
1237.53 355.11 472.33 474.83 391.93 63.13 515.33 937.46 812.92 1146.69 625.50 1193.96 301.66 287.97 828.80 794.04 1159.81 350.89 375.09 896.40 779.74 693.72 879.30 893.03 558.59 826.28 627.79 759.30 983.31 1036.09 823.24 788.23 754.38 1120.34 1119.65 497.51 1205.63 876.43 341.45 920.79 1136.97 288.82 92.00 179.59 1078.75 1155.48 632.81 1092.50 1064.56 52.90 808.86 977.21 0.00 1009.59 1020.60 847.93 672.73 695.42 1240.60 598.99 599.58 1551.72 1559.87 166.54 518.63 681.24 520.30 900.19 315.85 711.42 847.88 974.74 863.01 76.21 
320.94 744.34 662.51 672.70 721.13 1054.20 517.61 566.25 465.92 861.80 927.75 883.19 992.46 759.88 181.28 216.87 363.01 688.40 671.81 138.34 244.04 369.26 135.39 163.17 451.95 267.28 385.48 308.90 961.90 161.13 235.34 302.04 255.22 153.94 173.77 542.90 896.03 159.15 694.83 266.85 870.01 753.69 972.76 851.98 179.53 197.37 920.85 495.57 178.98 1020.20 256.69 261.44 1009.59 0.00 64.25 178.05 535.78 407.80 263.24 1244.99 1412.13 634.13 630.25 912.75 563.33 334.49 635.78 170.89 854.59 523.18 192.43 461.75 274.96 1073.61 
267.98 772.44 697.48 708.40 751.48 1067.85 543.22 628.33 522.73 803.04 974.58 823.19 1021.65 781.57 196.75 240.33 299.39 710.68 695.84 125.85 242.36 355.64 143.01 139.06 468.30 238.66 406.17 290.68 1021.69 224.18 282.00 350.25 272.23 107.78 120.49 569.55 835.88 205.54 716.40 217.25 811.77 774.80 989.15 869.13 116.78 150.16 968.10 432.98 115.12 1034.39 236.06 203.65 1020.60 64.25 0.00 217.93 506.91 451.47 227.21 1284.26 1444.88 588.21 586.54 932.69 596.44 358.66 673.98 226.27 846.97 490.39 178.98 404.82 236.04 1087.00 
485.14 567.99 484.46 494.68 543.86 889.08 343.98 454.35 323.56 903.01 756.98 932.14 815.32 587.91 82.15 69.73 492.88 516.33 498.35 151.08 156.28 282.41 108.01 180.35 290.76 246.20 220.37 246.61 827.14 200.82 69.02 136.43 112.51 324.54 338.32 368.24 945.74 30.34 523.36 309.78 907.85 582.30 804.95 683.98 324.87 367.63 750.64 577.27 317.66 854.60 216.59 336.19 847.93 178.05 217.93 0.00 474.01 233.56 439.84 1068.03 1234.12 806.05 803.92 741.69 385.51 166.71 458.20 72.28 726.34 474.32 163.79 508.99 281.89 908.71 
630.61 605.95 613.35 627.40 610.35 733.33 446.08 869.25 711.10 542.59 945.98 585.00 815.49 558.66 398.70 406.87 519.39 513.50 518.20 398.18 319.44 193.19 414.76 372.97 352.00 269.23 373.06 233.08 1161.84 656.12 511.24 540.47 370.96 570.61 556.56 466.67 598.53 500.00 511.50 315.99 539.48 548.80 684.17 589.54 503.92 590.40 945.07 421.29 488.58 707.48 280.36 365.11 672.73 535.78 506.91 474.01 0.00 547.41 673.15 1140.83 1228.62 914.48 927.71 663.75 534.01 392.48 626.58 545.83 402.03 38.71 346.38 303.98 274.95 748.71 
718.55 369.29 267.25 275.01 338.72 725.18 189.40 327.50 167.54 1053.64 523.74 1088.95 605.47 411.81 280.33 232.85 717.05 344.77 321.31 369.45 307.29 370.92 328.98 391.28 217.72 414.56 174.93 378.13 632.89 365.45 172.74 110.36 230.63 557.69 571.88 200.66 1102.83 248.68 354.04 505.52 1055.15 409.03 635.14 518.33 556.73 600.93 517.60 773.36 548.53 690.28 380.30 544.84 695.42 407.80 451.47 233.56 547.41 0.00 671.03 838.07 1013.12 1039.45 1036.92 562.42 182.07 161.72 232.99 246.53 659.76 563.82 357.54 685.49 460.81 744.91 
111.10 999.64 923.19 933.80 978.49 1289.72 770.40 797.85 718.70 823.50 1190.10 831.09 1248.83 1007.92 423.65 467.52 245.74 937.26 922.78 345.57 461.30 557.40 369.42 347.66 693.60 426.64 632.93 489.93 1201.15 365.85 498.55 564.82 498.84 121.13 122.03 796.75 841.77 422.35 942.79 357.17 836.32 1000.98 1212.92 1093.53 170.41 86.02 1183.01 438.83 185.79 1256.71 436.54 310.30 1240.60 263.24 227.21 439.84 673.15 671.03 0.00 1507.80 1671.58 374.78 368.68 1158.26 822.73 585.86 898.02 430.90 1046.09 647.62 392.73 471.15 403.31 1308.65 
1546.56 544.61 589.80 577.86 552.08 548.85 761.99 869.62 840.22 1672.00 358.68 1717.21 332.11 582.18 1096.02 1048.48 1519.00 632.81 634.25 1184.60 1088.30 1068.58 1149.93 1197.67 860.26 1177.52 899.95 1116.71 655.42 1190.07 1010.72 947.05 1026.71 1391.83 1403.27 734.44 1730.15 1085.98 632.99 1280.89 1665.68 592.03 525.43 569.92 1380.71 1434.41 369.30 1518.05 1370.27 546.13 1147.96 1332.12 598.99 1244.99 1284.26 1068.03 1140.83 838.07 1507.80 0.00 232.56 1871.15 1870.60 502.17 692.25 936.19 610.29 1083.67 887.85 1176.62 1155.14 1406.72 1224.37 550.73 
1699.07 675.78 749.87 740.19 693.84 538.30 905.12 1086.00 1039.87 1736.35 578.93 1783.08 428.31 687.58 1250.63 1204.94 1655.32 751.23 759.85 1335.98 1230.89 1189.61 1305.25 1344.65 994.60 1309.63 1045.05 1245.07 887.87 1375.17 1182.85 1123.49 1177.48 1552.49 1560.78 877.93 1795.29 1255.29 748.45 1412.63 1727.82 696.53 554.22 639.09 1532.56 1593.79 590.00 1630.15 1520.82 550.32 1283.10 1466.65 599.58 1412.13 1444.88 1234.12 1228.62 1013.12 1671.58 232.56 0.00 2024.34 2026.42 564.87 849.03 1087.88 780.16 1259.20 913.88 1266.46 1300.17 1514.66 1354.39 531.77 
325.40 1348.66 1282.38 1293.84 1331.09 1606.07 1119.25 1168.25 1093.48 829.31 1561.59 815.34 1597.38 1346.22 775.81 822.92 396.15 1277.89 1266.51 688.74 794.54 858.76 721.54 679.90 1032.02 727.67 979.29 794.79 1572.41 737.69 868.45 935.89 847.43 481.85 468.24 1146.50 821.02 791.72 1282.13 630.94 846.60 1338.36 1536.97 1421.54 491.95 438.53 1554.82 531.54 503.53 1574.98 749.12 574.52 1551.72 634.13 588.21 806.05 914.48 1039.45 374.78 1871.15 2024.34 0.00 29.35 1490.67 1180.35 937.63 1261.10 804.08 1314.67 879.99 724.74 629.41 688.89 1624.01 
327.82 1351.04 1282.60 1293.87 1332.77 1613.63 1121.37 1157.84 1086.62 855.29 1557.99 842.03 1600.06 1350.41 776.54 823.22 408.43 1281.62 1269.72 690.45 798.13 866.32 722.07 682.98 1035.66 734.49 981.57 801.66 1562.09 728.54 865.25 932.28 848.99 479.38 467.39 1148.50 847.89 788.62 1286.07 639.38 872.48 1342.68 1543.45 1427.34 494.03 436.41 1551.05 551.04 506.18 1582.27 754.90 583.02 1559.87 630.25 586.54 803.92 927.71 1036.92 368.68 1870.60 2026.42 29.35 0.00 1495.93 1180.83 938.88 1260.34 799.34 1326.87 893.74 728.13 646.26 696.88 1631.72 
1168.91 200.44 318.00 318.34 236.46 170.98 398.17 779.67 663.58 1178.87 465.36 1224.98 172.38 154.04 736.35 696.14 1108.43 225.48 245.06 813.19 699.82 637.44 789.68 815.46 464.66 764.44 527.62 697.84 818.35 918.21 707.09 663.42 660.70 1037.14 1040.38 375.49 1237.55 768.21 218.34 865.10 1171.44 159.39 80.00 74.25 1004.82 1075.37 471.96 1068.62 991.63 138.25 741.61 920.73 166.54 912.75 932.69 741.69 663.75 562.42 1158.26 502.17 564.87 1490.67 1495.93 0.00 380.65 578.33 365.52 785.74 388.68 701.60 769.86 952.21 806.37 189.67 
855.21 188.10 102.45 114.80 159.84 545.15 88.13 441.70 299.59 1072.22 423.67 1112.34 430.76 231.87 404.55 357.61 828.76 168.91 143.91 492.53 397.88 402.15 458.85 505.52 189.10 493.09 210.78 437.74 638.37 543.79 338.46 286.82 334.47 704.20 713.72 68.78 1126.12 407.86 178.84 595.06 1070.59 230.05 454.43 339.74 688.98 745.98 420.89 847.20 678.28 510.35 461.53 643.87 518.63 563.33 596.44 385.51 534.01 182.07 822.73 692.25 849.03 1180.35 1180.83 380.65 0.00 243.95 95.27 416.85 530.05 560.93 463.42 744.13 540.89 564.79 
612.26 413.92 346.40 358.56 394.05 722.88 184.57 476.83 319.43 891.93 653.04 927.40 663.23 425.40 162.82 118.69 586.38 353.97 337.88 249.02 157.85 209.91 217.45 261.65 124.87 261.07 53.87 218.09 793.83 360.94 154.37 155.38 90.54 465.62 472.96 210.92 941.29 195.57 360.34 358.69 893.43 419.21 639.59 518.64 445.77 506.28 648.54 621.23 434.74 688.51 227.41 404.13 681.24 334.49 358.66 166.71 392.48 161.72 585.86 936.19 1087.88 937.63 938.88 578.33 243.95 0.00 331.02 224.08 573.22 405.82 220.23 528.01 308.69 742.47 
936.95 165.80 47.97 47.94 129.22 536.13 182.51 417.35 299.36 1166.25 328.59 1206.69 376.93 237.12 487.19 439.24 917.41 195.75 171.51 576.58 487.66 497.34 540.59 591.92 284.32 585.55 303.03 531.69 558.17 596.94 403.41 343.35 420.59 781.57 793.06 160.02 1220.45 477.30 205.64 686.70 1164.37 239.31 444.42 342.42 771.64 824.13 325.68 941.32 761.67 502.50 553.41 734.25 520.30 635.78 673.98 458.20 626.58 232.99 898.02 610.29 780.16 1261.10 1260.34 365.52 95.27 331.02 0.00 479.12 584.55 654.44 551.23 839.04 633.46 555.07 
491.49 603.75 510.79 519.61 576.69 938.53 388.30 409.64 296.47 962.14 759.43 989.54 847.15 631.76 149.71 141.71 519.85 560.63 540.77 198.57 227.10 354.60 158.58 230.94 348.71 310.28 277.59 316.84 796.65 136.97 78.85 136.65 183.52 324.83 343.81 410.25 1003.00 46.59 568.40 361.96 967.75 626.93 852.29 731.75 341.72 368.26 752.23 623.50 337.54 903.78 282.93 380.33 900.19 170.89 226.27 72.28 545.83 246.53 430.90 1083.67 1259.20 804.08 799.34 785.74 416.85 224.08 479.12 0.00 792.94 545.31 224.56 564.17 341.62 958.27 
1019.75 462.29 545.09 555.09 489.73 378.68 475.53 968.15 816.23 833.13 817.43 880.56 561.00 380.43 679.36 659.76 918.64 391.98 414.30 722.42 610.55 491.95 719.34 708.69 455.85 619.65 523.16 558.58 1131.65 927.12 727.52 718.32 615.92 932.43 924.66 474.16 891.94 756.67 382.94 697.03 822.84 372.85 366.20 330.91 876.29 960.37 821.36 818.94 861.06 363.61 613.22 751.38 315.85 854.59 846.97 726.34 402.03 659.76 1046.09 887.85 913.88 1314.67 1326.87 388.68 530.05 573.22 584.55 792.94 0.00 438.63 668.21 703.30 644.77 388.89 
600.78 639.82 643.10 657.19 643.06 772.04 472.81 882.13 725.24 512.23 976.19 553.69 852.22 594.48 396.39 409.09 485.84 547.68 551.49 387.20 318.22 199.52 407.42 360.03 375.96 255.98 391.02 228.89 1184.02 650.12 515.98 549.59 375.84 548.44 532.97 494.44 567.33 498.98 546.02 291.43 509.97 584.65 722.69 627.37 479.67 566.10 975.00 383.00 464.44 746.18 271.46 337.92 711.42 523.18 490.39 474.32 38.71 563.82 647.62 1176.62 1266.46 879.99 893.74 701.60 560.93 405.82 654.44 545.31 438.63 0.00 337.47 265.91 255.35 787.40 
400.33 624.41 565.78 578.21 608.27 897.27 395.86 616.65 478.76 739.44 871.11 768.36 872.74 622.55 84.41 126.43 366.22 553.50 541.77 54.78 70.11 178.06 70.96 45.63 307.54 86.89 256.04 116.50 979.34 313.54 226.76 285.86 131.27 272.72 272.11 423.35 781.95 179.12 558.03 150.35 744.50 614.97 821.68 703.20 235.05 307.77 866.17 420.09 222.17 864.45 66.13 187.41 847.88 192.43 178.98 163.79 346.38 357.54 392.73 1155.14 1300.17 724.74 728.13 769.86 463.42 220.23 551.23 224.56 668.21 337.47 0.00 345.70 118.15 916.13 
392.26 862.31 839.67 853.52 858.06 1034.48 660.11 962.30 821.56 401.19 1167.62 425.93 1092.24 830.72 429.87 467.51 252.56 774.38 772.56 365.93 379.71 342.83 405.80 333.28 557.12 272.28 539.91 310.89 1317.03 619.97 572.28 628.83 456.75 409.02 383.80 686.11 439.25 521.20 774.87 202.75 408.68 821.28 980.39 878.28 332.76 406.93 1164.52 117.77 321.22 1007.42 306.37 201.17 974.74 461.75 404.82 508.99 303.98 685.49 471.15 1406.72 1514.66 629.41 646.26 952.21 744.13 528.01 839.04 564.17 703.30 265.91 345.70 0.00 229.12 1050.40 
